#Layer_Color=15314666
#
#Feature symbol names
#
$0 r1.9685
$1 r3.937

#
#Feature attribute names
#

#
#Layer features
#
L 1.313662 1.37307 1.313662 1.50693 0 P 0
L 1.313662 1.37307 1.396338 1.37307 0 P 0
L 1.313662 1.50693 1.396338 1.50693 0 P 0
L 1.337284 1.44 1.372716 1.44 1 P 0
L 1.355 1.422284 1.355 1.457716 1 P 0
L 1.396338 1.37307 1.396338 1.50693 0 P 0
L 1.451378 1.394724 1.451378 1.485276 0 P 0
L 1.451378 1.394724 1.498622 1.394724 0 P 0
L 1.451378 1.485276 1.498622 1.485276 0 P 0
L 1.456102 1.44 1.493898 1.44 1 P 0
L 1.475 1.421102 1.475 1.458898 1 P 0
L 1.498622 1.394724 1.498622 1.485276 0 P 0
L 1.55126 1.292796 1.55126 1.517204 0 P 0
L 1.55126 1.292796 1.70874 1.292796 0 P 0
L 1.55126 1.517204 1.70874 1.517204 0 P 0
L 1.586024 1.100472 1.586024 1.159528 0 P 0
L 1.586024 1.100472 1.713976 1.100472 0 P 0
L 1.586024 1.159528 1.713976 1.159528 0 P 0
L 1.606692 1.046378 1.606692 1.093622 0 P 0
L 1.606692 1.046378 1.693308 1.046378 0 P 0
L 1.606692 1.093622 1.693308 1.093622 0 P 0
L 1.610314 1.405 1.649686 1.405 1 P 0
L 1.63 1.385316 1.63 1.424686 1 P 0
L 1.6313 1.07 1.6687 1.07 1 P 0
L 1.632284 1.13 1.667716 1.13 1 P 0
L 1.65 1.0513 1.65 1.0887 1 P 0
L 1.65 1.112284 1.65 1.147716 1 P 0
L 1.693308 1.046378 1.693308 1.093622 0 P 0
L 1.70874 1.292796 1.70874 1.517204 0 P 0
L 1.713976 1.100472 1.713976 1.159528 0 P 0
L 1.734134 1.787806 1.734134 1.945286 0 P 0
L 1.734134 1.787806 1.875866 1.787806 0 P 0
L 1.734134 1.945286 1.875866 1.945286 0 P 0
L 1.73807 1.945206 1.73807 2.027884 0 P 0
L 1.73807 1.945206 1.87193 1.945206 0 P 0
L 1.73807 2.027884 1.87193 2.027884 0 P 0
L 1.751692 1.666378 1.751692 1.713622 0 P 0
L 1.751692 1.666378 1.838306 1.666378 0 P 0
L 1.751692 1.713622 1.838306 1.713622 0 P 0
L 1.763934 1.725858 1.763934 1.773102 0 P 0
L 1.763934 1.725858 1.854486 1.725858 0 P 0
L 1.763934 1.773102 1.854486 1.773102 0 P 0
L 1.776298 1.69 1.8137 1.69 1 P 0
L 1.785314 1.866546 1.824686 1.866546 1 P 0
L 1.786378 1.479724 1.786378 1.570274 0 P 0
L 1.786378 1.479724 1.833622 1.479724 0 P 0
L 1.786378 1.570274 1.833622 1.570274 0 P 0
L 1.787284 1.986546 1.822716 1.986546 1 P 0
L 1.788976 1.298584 1.788976 1.421418 0 P 0
L 1.788976 1.298584 1.911024 1.298584 0 P 0
L 1.788976 1.421418 1.911024 1.421418 0 P 0
L 1.790312 1.74948 1.828108 1.74948 1 P 0
L 1.791104 1.525 1.828898 1.525 1 P 0
L 1.795 1.6713 1.795 1.7087 1 P 0
L 1.805 1.84686 1.805 1.88623 1 P 0
L 1.805 1.968828 1.805 2.004262 1 P 0
L 1.80921 1.730584 1.80921 1.768378 1 P 0
L 1.81 1.506102 1.81 1.543896 1 P 0
L 1.830314 1.360002 1.869684 1.360002 1 P 0
L 1.833622 1.479724 1.833622 1.570274 0 P 0
L 1.838306 1.666378 1.838306 1.713622 0 P 0
L 1.85 1.340316 1.85 1.379686 1 P 0
L 1.854486 1.725858 1.854486 1.773102 0 P 0
L 1.87193 1.945206 1.87193 2.027884 0 P 0
L 1.875866 1.787806 1.875866 1.945286 0 P 0
L 1.87685 1.100472 1.87685 1.159528 0 P 0
L 1.87685 1.100472 1.98315 1.100472 0 P 0
L 1.87685 1.159528 1.98315 1.159528 0 P 0
L 1.886692 1.046378 1.886692 1.093622 0 P 0
L 1.886692 1.046378 1.973308 1.046378 0 P 0
L 1.886692 1.093622 1.973308 1.093622 0 P 0
L 1.910316 1.13 1.949686 1.13 1 P 0
L 1.911024 1.298584 1.911024 1.421418 0 P 0
L 1.9113 1.07 1.9487 1.07 1 P 0
L 1.93 1.0513 1.93 1.0887 1 P 0
L 1.93 1.110316 1.93 1.149686 1 P 0
L 1.973308 1.046378 1.973308 1.093622 0 P 0
L 1.976378 1.316692 1.976378 1.403306 0 P 0
L 1.976378 1.316692 2.023622 1.316692 0 P 0
L 1.976378 1.403306 2.023622 1.403306 0 P 0
L 1.9813 1.36 2.018702 1.36 1 P 0
L 1.98315 1.100472 1.98315 1.159528 0 P 0
L 2 1.341298 2 1.3787 1 P 0
L 2.023622 1.316692 2.023622 1.403306 0 P 0
L 2.029724 2.089252 2.029724 2.120748 0 P 0
L 2.029724 2.089252 2.084842 2.089252 0 P 0
L 2.029724 2.120748 2.084842 2.120748 0 P 0
L 2.029724 2.189252 2.029724 2.220748 0 P 0
L 2.029724 2.189252 2.084842 2.189252 0 P 0
L 2.029724 2.220748 2.084842 2.220748 0 P 0
L 2.029724 2.289252 2.029724 2.320748 0 P 0
L 2.029724 2.289252 2.084842 2.289252 0 P 0
L 2.029724 2.320748 2.084842 2.320748 0 P 0
L 2.046104 1.285196 2.046104 1.434804 0 P 0
L 2.046104 1.285196 2.183898 1.285196 0 P 0
L 2.046104 1.434804 2.183898 1.434804 0 P 0
L 2.047442 2.105 2.067126 2.105 1 P 0
L 2.047442 2.205 2.067126 2.205 1 P 0
L 2.047442 2.305 2.067126 2.305 1 P 0
L 2.057284 2.095158 2.057284 2.114842 1 P 0
L 2.057284 2.195158 2.057284 2.214842 1 P 0
L 2.057284 2.295158 2.057284 2.314842 1 P 0
L 2.084842 2.089252 2.084842 2.120748 0 P 0
L 2.084842 2.189252 2.084842 2.220748 0 P 0
L 2.084842 2.289252 2.084842 2.320748 0 P 0
L 2.095316 1.36 2.134686 1.36 1 P 0
L 2.115 1.340314 2.115 1.379686 1 P 0
L 2.146024 1.100472 2.146024 1.159528 0 P 0
L 2.146024 1.100472 2.273976 1.100472 0 P 0
L 2.146024 1.159528 2.273976 1.159528 0 P 0
L 2.161378 1.479724 2.161378 1.570274 0 P 0
L 2.161378 1.479724 2.208622 1.479724 0 P 0
L 2.161378 1.570274 2.208622 1.570274 0 P 0
L 2.166102 1.525 2.203898 1.525 1 P 0
L 2.166692 1.046378 2.166692 1.093622 0 P 0
L 2.166692 1.046378 2.253308 1.046378 0 P 0
L 2.166692 1.093622 2.253308 1.093622 0 P 0
L 2.183898 1.285196 2.183898 1.434804 0 P 0
L 2.185 1.506102 2.185 1.543896 1 P 0
L 2.1913 1.07 2.2287 1.07 1 P 0
L 2.192284 1.13 2.227716 1.13 1 P 0
L 2.208622 1.479724 2.208622 1.570274 0 P 0
L 2.21 1.0513 2.21 1.0887 1 P 0
L 2.21 1.112284 2.21 1.147716 1 P 0
L 2.253308 1.046378 2.253308 1.093622 0 P 0
L 2.273976 1.100472 2.273976 1.159528 0 P 0
L 2.282322 1.775 2.282322 2.045 1 P 0
L 2.282322 1.775 2.447678 1.775 1 P 0
L 2.282322 2.045 2.447678 2.045 1 P 0
L 2.30307 2.328662 2.30307 2.411338 0 P 0
L 2.30307 2.328662 2.43693 2.328662 0 P 0
L 2.30307 2.411338 2.43693 2.411338 0 P 0
L 2.311692 1.611378 2.311692 1.658622 0 P 0
L 2.311692 1.611378 2.398308 1.611378 0 P 0
L 2.311692 1.658622 2.398308 1.658622 0 P 0
L 2.311692 1.666378 2.311692 1.713622 0 P 0
L 2.311692 1.666378 2.398308 1.666378 0 P 0
L 2.311692 1.713622 2.398308 1.713622 0 P 0
L 2.311692 1.721378 2.311692 1.768622 0 P 0
L 2.311692 1.721378 2.398308 1.721378 0 P 0
L 2.311692 1.768622 2.398308 1.768622 0 P 0
L 2.3363 1.635 2.3737 1.635 1 P 0
L 2.3363 1.69 2.3737 1.69 1 P 0
L 2.3363 1.745 2.3737 1.745 1 P 0
L 2.345316 1.91 2.384686 1.91 1 P 0
L 2.352284 2.37 2.387716 2.37 1 P 0
L 2.355 1.6163 2.355 1.6537 1 P 0
L 2.355 1.6713 2.355 1.7087 1 P 0
L 2.355 1.7263 2.355 1.7637 1 P 0
L 2.365 1.890316 2.365 1.929686 1 P 0
L 2.37 2.352284 2.37 2.387716 1 P 0
L 2.398308 1.611378 2.398308 1.658622 0 P 0
L 2.398308 1.666378 2.398308 1.713622 0 P 0
L 2.398308 1.721378 2.398308 1.768622 0 P 0
L 2.42453 1.101966 2.42453 1.161022 0 P 0
L 2.42453 1.101966 2.552482 1.101966 0 P 0
L 2.42453 1.161022 2.552482 1.161022 0 P 0
L 2.43693 2.328662 2.43693 2.411338 0 P 0
L 2.445198 1.047872 2.445198 1.095116 0 P 0
L 2.445198 1.047872 2.531814 1.047872 0 P 0
L 2.445198 1.095116 2.531814 1.095116 0 P 0
L 2.447678 1.775 2.447678 2.045 1 P 0
L 2.457008 1.864448 2.457008 2.045552 0 P 0
L 2.457008 1.864448 2.582992 1.864448 0 P 0
L 2.457008 2.045552 2.582992 2.045552 0 P 0
L 2.469806 1.071494 2.507206 1.071494 1 P 0
L 2.47079 1.131494 2.506222 1.131494 1 P 0
L 2.488506 1.052792 2.488506 1.090194 1 P 0
L 2.488506 1.113778 2.488506 1.14921 1 P 0
L 2.500316 1.955 2.539686 1.955 1 P 0
L 2.50248 2.147112 2.50248 2.355772 0 P 0
L 2.50248 2.147112 2.652088 2.147112 0 P 0
L 2.50248 2.355772 2.652088 2.355772 0 P 0
L 2.52 1.935316 2.52 1.974686 1 P 0
L 2.531814 1.047872 2.531814 1.095116 0 P 0
L 2.552482 1.101966 2.552482 1.161022 0 P 0
L 2.5576 2.251442 2.59697 2.251442 1 P 0
L 2.577284 2.231756 2.577284 2.271128 1 P 0
L 2.582992 1.864448 2.582992 2.045552 0 P 0
L 2.602796 3.18126 2.602796 3.33874 0 P 0
L 2.602796 3.18126 2.827204 3.18126 0 P 0
L 2.602796 3.33874 2.827204 3.33874 0 P 0
L 2.603072 1.973662 2.603072 2.056338 0 P 0
L 2.603072 1.973662 2.73693 1.973662 0 P 0
L 2.603072 2.056338 2.73693 2.056338 0 P 0
L 2.60807 3.078662 2.60807 3.161338 0 P 0
L 2.60807 3.078662 2.74193 3.078662 0 P 0
L 2.60807 3.161338 2.74193 3.161338 0 P 0
L 2.628582 1.268976 2.628582 1.391024 0 P 0
L 2.628582 1.268976 2.751418 1.268976 0 P 0
L 2.628582 1.391024 2.751418 1.391024 0 P 0
L 2.652088 2.147112 2.652088 2.355772 0 P 0
L 2.652284 2.015 2.687718 2.015 1 P 0
L 2.657284 3.12 2.692716 3.12 1 P 0
L 2.65807 2.323662 2.65807 2.406338 0 P 0
L 2.65807 2.323662 2.791928 2.323662 0 P 0
L 2.65807 2.406338 2.791928 2.406338 0 P 0
L 2.67 1.997284 2.67 2.032716 1 P 0
L 2.670314 1.33 2.709684 1.33 1 P 0
L 2.67453 1.101966 2.67453 1.161022 0 P 0
L 2.67453 1.101966 2.802482 1.101966 0 P 0
L 2.67453 1.161022 2.802482 1.161022 0 P 0
L 2.675 3.102284 2.675 3.137716 1 P 0
L 2.69 1.310314 2.69 1.349686 1 P 0
L 2.695198 1.047872 2.695198 1.095116 0 P 0
L 2.695198 1.047872 2.781814 1.047872 0 P 0
L 2.695198 1.095116 2.781814 1.095116 0 P 0
L 2.695314 3.26 2.734686 3.26 1 P 0
L 2.707284 2.365 2.742716 2.365 1 P 0
L 2.715 3.240314 2.715 3.279686 1 P 0
L 2.719806 1.071494 2.757206 1.071494 1 P 0
L 2.72079 1.131494 2.756222 1.131494 1 P 0
L 2.725 2.347284 2.725 2.382716 1 P 0
L 2.73693 1.973662 2.73693 2.056338 0 P 0
L 2.738506 1.052792 2.738506 1.090194 1 P 0
L 2.738506 1.113778 2.738506 1.14921 1 P 0
L 2.74193 3.078662 2.74193 3.161338 0 P 0
L 2.751418 1.268976 2.751418 1.391024 0 P 0
L 2.781378 3.354724 2.781378 3.445276 0 P 0
L 2.781378 3.354724 2.828622 3.354724 0 P 0
L 2.781378 3.445276 2.828622 3.445276 0 P 0
L 2.781814 1.047872 2.781814 1.095116 0 P 0
L 2.786102 3.4 2.823898 3.4 1 P 0
L 2.791928 2.323662 2.791928 2.406338 0 P 0
L 2.802482 1.101966 2.802482 1.161022 0 P 0
L 2.805 3.381102 2.805 3.418898 1 P 0
L 2.827204 3.18126 2.827204 3.33874 0 P 0
L 2.828622 3.354724 2.828622 3.445276 0 P 0
