#Layer_Color=15138737
#
#Feature symbol names
#
$0 r6
$1 r3.937
$2 rect155.512x24.36
$3 rect9.002x35.432

#
#Feature attribute names
#

#
#Layer features
#
L 1.337284 1.406536 1.337284 1.473464 1 P 0
L 1.337284 1.406536 1.372716 1.406536 1 P 0
L 1.337284 1.473464 1.372716 1.473464 1 P 0
L 1.372716 1.406536 1.372716 1.473464 1 P 0
L 1.456102 1.405552 1.456102 1.474448 1 P 0
L 1.456102 1.405552 1.493898 1.405552 1 P 0
L 1.456102 1.474448 1.493898 1.474448 1 P 0
L 1.493898 1.405552 1.493898 1.474448 1 P 0
L 1.572914 1.334134 1.572914 1.475866 1 P 0
L 1.572914 1.334134 1.687086 1.334134 1 P 0
L 1.572914 1.475866 1.687086 1.475866 1 P 0
L 1.615552 1.0513 1.615552 1.0887 1 P 0
L 1.615552 1.0513 1.684448 1.0513 1 P 0
L 1.615552 1.0887 1.684448 1.0887 1 P 0
L 1.616536 1.112284 1.616536 1.147716 1 P 0
L 1.616536 1.112284 1.683464 1.112284 1 P 0
L 1.616536 1.147716 1.683464 1.147716 1 P 0
L 1.683464 1.112284 1.683464 1.147716 1 P 0
L 1.684448 1.0513 1.684448 1.0887 1 P 0
L 1.687086 1.334134 1.687086 1.475866 1 P 0
L 1.76055 1.6713 1.76055 1.7087 1 P 0
L 1.76055 1.6713 1.829448 1.6713 1 P 0
L 1.76055 1.7087 1.829448 1.7087 1 P 0
L 1.771536 1.968828 1.771536 2.004262 1 P 0
L 1.771536 1.968828 1.838464 1.968828 1 P 0
L 1.771536 2.004262 1.838464 2.004262 1 P 0
L 1.77476 1.730584 1.77476 1.768378 1 P 0
L 1.77476 1.730584 1.843658 1.730584 1 P 0
L 1.77476 1.768378 1.843658 1.768378 1 P 0
L 1.791104 1.49055 1.791104 1.559448 1 P 0
L 1.791104 1.49055 1.828898 1.49055 1 P 0
L 1.791104 1.559448 1.828898 1.559448 1 P 0
L 1.824408 1.30252 1.824408 1.417482 1 P 0
L 1.824408 1.30252 1.87559 1.30252 1 P 0
L 1.824408 1.417482 1.87559 1.417482 1 P 0
L 1.828898 1.49055 1.828898 1.559448 1 P 0
L 1.829448 1.6713 1.829448 1.7087 1 P 0
L 1.838464 1.968828 1.838464 2.004262 1 P 0
L 1.843658 1.730584 1.843658 1.768378 1 P 0
L 1.87559 1.30252 1.87559 1.417482 1 P 0
L 1.894568 1.110316 1.894568 1.149686 1 P 0
L 1.894568 1.110316 1.965434 1.110316 1 P 0
L 1.894568 1.149686 1.965434 1.149686 1 P 0
L 1.895552 1.0513 1.895552 1.0887 1 P 0
L 1.895552 1.0513 1.964448 1.0513 1 P 0
L 1.895552 1.0887 1.964448 1.0887 1 P 0
L 1.964448 1.0513 1.964448 1.0887 1 P 0
L 1.965434 1.110316 1.965434 1.149686 1 P 0
L 1.9685 1.46488 1.9685 1.57512 0 P 0
L 1.9685 1.46488 2.0315 1.46488 0 P 0
L 1.9685 1.57512 2.0315 1.57512 0 P 0
L 1.9813 1.32555 1.9813 1.394448 1 P 0
L 1.9813 1.32555 2.018702 1.32555 1 P 0
L 1.9813 1.394448 2.018702 1.394448 1 P 0
L 2.018702 1.32555 2.018702 1.394448 1 P 0
L 2.0315 1.46488 2.0315 1.57512 0 P 0
L 2.041536 2.09319 2.041536 2.116812 1 P 0
L 2.041536 2.09319 2.073032 2.09319 1 P 0
L 2.041536 2.116812 2.073032 2.116812 1 P 0
L 2.041536 2.19319 2.041536 2.216812 1 P 0
L 2.041536 2.19319 2.073032 2.19319 1 P 0
L 2.041536 2.216812 2.073032 2.216812 1 P 0
L 2.041536 2.29319 2.041536 2.316812 1 P 0
L 2.041536 2.29319 2.073032 2.29319 1 P 0
L 2.041536 2.316812 2.073032 2.316812 1 P 0
L 2.055946 1.33244 2.055946 1.38756 1 P 0
L 2.055946 1.33244 2.174056 1.33244 1 P 0
L 2.055946 1.38756 2.174056 1.38756 1 P 0
L 2.073032 2.09319 2.073032 2.116812 1 P 0
L 2.073032 2.19319 2.073032 2.216812 1 P 0
L 2.073032 2.29319 2.073032 2.316812 1 P 0
L 2.166102 1.49055 2.166102 1.559448 1 P 0
L 2.166102 1.49055 2.203898 1.49055 1 P 0
L 2.166102 1.559448 2.203898 1.559448 1 P 0
L 2.174056 1.33244 2.174056 1.38756 1 P 0
L 2.175552 1.0513 2.175552 1.0887 1 P 0
L 2.175552 1.0513 2.244448 1.0513 1 P 0
L 2.175552 1.0887 2.244448 1.0887 1 P 0
L 2.176536 1.112284 2.176536 1.147716 1 P 0
L 2.176536 1.112284 2.243464 1.112284 1 P 0
L 2.176536 1.147716 2.243464 1.147716 1 P 0
L 2.203898 1.49055 2.203898 1.559448 1 P 0
L 2.243464 1.112284 2.243464 1.147716 1 P 0
L 2.244448 1.0513 2.244448 1.0887 1 P 0
L 2.287244 1.819448 2.287244 2.000552 1 P 0
L 2.287244 1.819448 2.442756 1.819448 1 P 0
L 2.287244 2.000552 2.442756 2.000552 1 P 0
L 2.320552 1.6163 2.320552 1.6537 1 P 0
L 2.320552 1.6163 2.389448 1.6163 1 P 0
L 2.320552 1.6537 2.389448 1.6537 1 P 0
L 2.320552 1.6713 2.320552 1.7087 1 P 0
L 2.320552 1.6713 2.389448 1.6713 1 P 0
L 2.320552 1.7087 2.389448 1.7087 1 P 0
L 2.320552 1.7263 2.320552 1.7637 1 P 0
L 2.320552 1.7263 2.389448 1.7263 1 P 0
L 2.320552 1.7637 2.389448 1.7637 1 P 0
L 2.336536 2.352284 2.336536 2.387716 1 P 0
L 2.336536 2.352284 2.403464 2.352284 1 P 0
L 2.336536 2.387716 2.403464 2.387716 1 P 0
L 2.389448 1.6163 2.389448 1.6537 1 P 0
L 2.389448 1.6713 2.389448 1.7087 1 P 0
L 2.389448 1.7263 2.389448 1.7637 1 P 0
L 2.403464 2.352284 2.403464 2.387716 1 P 0
L 2.442756 1.819448 2.442756 2.000552 1 P 0
L 2.454058 1.052792 2.454058 1.090194 1 P 0
L 2.454058 1.052792 2.522954 1.052792 1 P 0
L 2.454058 1.090194 2.522954 1.090194 1 P 0
L 2.455042 1.113778 2.455042 1.14921 1 P 0
L 2.455042 1.113778 2.52197 1.113778 1 P 0
L 2.455042 1.14921 2.52197 1.14921 1 P 0
L 2.46685 1.88807 2.46685 2.02193 1 P 0
L 2.46685 1.88807 2.57315 1.88807 1 P 0
L 2.46685 2.02193 2.57315 2.02193 1 P 0
L 2.52197 1.113778 2.52197 1.14921 1 P 0
L 2.522954 1.052792 2.522954 1.090194 1 P 0
L 2.524134 2.18845 2.524134 2.314434 1 P 0
L 2.524134 2.18845 2.630434 2.18845 1 P 0
L 2.524134 2.314434 2.630434 2.314434 1 P 0
L 2.57315 1.88807 2.57315 2.02193 1 P 0
L 2.630434 2.18845 2.630434 2.314434 1 P 0
L 2.63252 1.30441 2.63252 1.35559 1 P 0
L 2.63252 1.30441 2.74748 1.30441 1 P 0
L 2.63252 1.35559 2.74748 1.35559 1 P 0
L 2.636536 1.997284 2.636536 2.032716 1 P 0
L 2.636536 1.997284 2.703466 1.997284 1 P 0
L 2.636536 2.032716 2.703466 2.032716 1 P 0
L 2.641536 3.102284 2.641536 3.137716 1 P 0
L 2.641536 3.102284 2.708464 3.102284 1 P 0
L 2.641536 3.137716 2.708464 3.137716 1 P 0
L 2.644134 3.202914 2.644134 3.317086 1 P 0
L 2.644134 3.202914 2.785866 3.202914 1 P 0
L 2.644134 3.317086 2.785866 3.317086 1 P 0
L 2.691534 2.347284 2.691534 2.382716 1 P 0
L 2.691534 2.347284 2.758464 2.347284 1 P 0
L 2.691534 2.382716 2.758464 2.382716 1 P 0
L 2.703466 1.997284 2.703466 2.032716 1 P 0
L 2.704058 1.052792 2.704058 1.090194 1 P 0
L 2.704058 1.052792 2.772954 1.052792 1 P 0
L 2.704058 1.090194 2.772954 1.090194 1 P 0
L 2.705042 1.113778 2.705042 1.14921 1 P 0
L 2.705042 1.113778 2.77197 1.113778 1 P 0
L 2.705042 1.14921 2.77197 1.14921 1 P 0
L 2.708464 3.102284 2.708464 3.137716 1 P 0
L 2.74748 1.30441 2.74748 1.35559 1 P 0
L 2.758464 2.347284 2.758464 2.382716 1 P 0
L 2.77197 1.113778 2.77197 1.14921 1 P 0
L 2.772954 1.052792 2.772954 1.090194 1 P 0
L 2.785866 3.202914 2.785866 3.317086 1 P 0
L 2.786102 3.365552 2.786102 3.434448 1 P 0
L 2.786102 3.365552 2.823898 3.365552 1 P 0
L 2.786102 3.434448 2.823898 3.434448 1 P 0
L 2.823898 3.365552 2.823898 3.434448 1 P 0
L 3.199212 3.107992 3.199212 3.482008 1 P 0
P 1.678963 1.13 3 P 0 0
P 2.238963 1.13 3 P 0 0
P 2.365 1.988372 2 P 0 0
P 2.5174582 1.131494 3 P 0 0
P 2.7674582 1.131494 3 P 0 0
